6;Star Wars: Episódio III a Vingança dos Sith;null;0
